  -3.0000000000000000        3.0000000000000000     
  -2.9600000000000000        2.6800000000000002
  -2.9199999999999999        2.3914880000000003
  -2.8799999999999999        2.1310217216000003
  -2.8399999999999999        1.8955688881356803
  -2.7999999999999998        1.6824550179688942
  -2.7599999999999998        1.4893182566751337
  -2.7199999999999998        1.3140702514052043
  -2.6799999999999997        1.1548622181085262
  -2.6399999999999997        1.0100554770516332
  -2.5999999999999996       0.87819583775704613
  -2.5599999999999996       0.75799130414059512
  -2.5199999999999996       0.64829264676222198
  -2.4799999999999995       0.54807645383907888
  -2.4399999999999995       0.45643032777180542
  -2.3999999999999995       0.37253994089214948
  -2.3599999999999994       0.29567770420218914
  -2.3199999999999994       0.22519283709359006
  -2.2799999999999994       0.16050265529504854
  -2.2399999999999993       0.10108491934394209
  -2.1999999999999993        4.6471107344482586E-002
  -2.1599999999999993       -3.7595058080525587E-003
  -2.1199999999999992       -4.9985064738558890E-002
  -2.0799999999999992       -9.2545733838271416E-002
  -2.0399999999999991      -0.13174775813645806
  -1.9999999999999991      -0.16786705139798139
  -1.9599999999999991      -0.20115236934206210
  -1.9199999999999990      -0.23182811835932687
  -1.8799999999999990      -0.26009684360370361
  -1.8399999999999990      -0.28614143470885323
  -1.7999999999999989      -0.31012708250263571
  -1.7599999999999989      -0.33220301586255135
  -1.7199999999999989      -0.35250404418032977
  -1.6799999999999988      -0.37115192770793626
  -1.6399999999999988      -0.38825659527428036
  -1.5999999999999988      -0.40391722643525874
  -1.5599999999999987      -0.41822321300081250
  -1.5199999999999987      -0.43125501302959429
  -1.4799999999999986      -0.44308490875857870
  -1.4399999999999986      -0.45377767851041395
  -1.3999999999999986      -0.46339119136863066
  -1.3599999999999985      -0.47197693230673254
  -1.3199999999999985      -0.47958046448151559
  -1.2799999999999985      -0.48624183453615216
  -1.2399999999999984      -0.49199592598934722
  -1.1999999999999984      -0.49687276509984946
  -1.1599999999999984      -0.50089778297905063
  -1.1199999999999983      -0.50409203716798467
  -1.0799999999999983      -0.50647239538957833
  -1.0399999999999983      -0.50805168372433163
 -0.99999999999999822      -0.50883880103037271
 -0.95999999999999819      -0.50883880103037271
 -0.91999999999999815      -0.50805294311202132
 -0.87999999999999812      -0.50647871252997978
 -0.83999999999999808      -0.50410981035012370
 -0.79999999999999805      -0.50093611313636444
 -0.75999999999999801      -0.49694360204145532
 -0.71999999999999797      -0.49211426062105323
 -0.67999999999999794      -0.48642594034000897
 -0.63999999999999790      -0.47985219237636106
 -0.59999999999999787      -0.47236206394658065
 -0.55999999999999783      -0.46391985696972587
 -0.51999999999999780      -0.45448484645239301
 -0.47999999999999782      -0.44401095550427888
 -0.43999999999999784      -0.43244638337876784
 -0.39999999999999786      -0.41973318236645218
 -0.35999999999999788      -0.40580677874324700
 -0.31999999999999790      -0.39059543227907406
 -0.27999999999999792      -0.37401962803706484
 -0.23999999999999791      -0.35599139332453228
 -0.19999999999999790      -0.33641353168159799
 -0.15999999999999789      -0.31517876469540906
 -0.11999999999999789      -0.29216877118917473
  -7.9999999999997878E-002 -0.26725311193503359
  -3.9999999999997878E-002 -0.24028802645424277
   2.1233015345956119E-015 -0.21111508667008563
   4.0000000000002124E-002 -0.17955969013688899
   8.0000000000002125E-002 -0.14542937324658350
  0.12000000000000213      -0.10851192217083583
  0.16000000000000214       -6.8573256284089196E-002
  0.20000000000000215       -2.5355055375670850E-002
  0.24000000000000216        2.1427901966297035E-002
  0.28000000000000214        7.2090725903825453E-002
  0.32000000000000212       0.12698177107010139
  0.36000000000000210       0.18648640858260285
  0.40000000000000208       0.25103126920949653
  0.44000000000000206       0.32108902028522845
  0.48000000000000204       0.39718374785365773
  0.52000000000000202       0.47989702572659437
  0.56000000000000205       0.56987476489077138
  0.60000000000000209       0.66783495021995565
  0.64000000000000212       0.77457638703403298
  0.68000000000000216       0.89098859802346575
  0.72000000000000219        1.0180630318106427
  0.76000000000000223        1.1569057683992152
  0.80000000000000226        1.3087519344945202
  0.84000000000000230        1.4749820737781258
  0.88000000000000234        1.6571407544081962
  0.92000000000000237        1.8569577391396928
  0.96000000000000241        2.0763720935056216
   1.0000000000000024        2.3175596656364625
