     0.000     1.000
     0.200     0.940
     0.400     0.860
     0.600     0.760
     0.800     0.640
     1.000     0.500
     1.200     0.340
     1.400     0.160
     1.600    -0.040
     1.800    -0.260
     2.000    -0.500
     2.000    -0.500
     2.200    -0.680
     2.400    -0.820
     2.600    -0.920
     2.800    -0.980
     3.000    -1.000
     3.200    -0.980
     3.400    -0.920
     3.600    -0.820
     3.800    -0.680
     4.000    -0.500
     4.000    -0.500
     4.200    -0.260
     4.400    -0.040
     4.600     0.160
     4.800     0.340
     5.000     0.500
     5.200     0.640
     5.400     0.760
     5.600     0.860
     5.800     0.940
     6.000     1.000
