  -3.0000000000000000        3.0000000000000000     
  -2.9600000000000000        2.6954206416076798     
  -2.9199999999999999        2.4195002460954056     
  -2.8799999999999999        2.1692483172348891     
  -2.8399999999999999        1.9420142209123763     
  -2.7999999999999998        1.7354459452966193     
  -2.7599999999999998        1.5474541550942840     
  -2.7199999999999998        1.3761808268957982     
  -2.6799999999999997        1.2199718528146954     
  -2.6399999999999997        1.0773530851990449     
  -2.5999999999999996       0.94700936835363247     
  -2.5599999999999996       0.82776616582093898     
  -2.5199999999999996       0.71857344540338408     
  -2.4799999999999995       0.61849153010155011     
  -2.4399999999999995       0.52667866262160312     
  -2.3999999999999995       0.44238006502623217     
  -2.3599999999999994       0.36491830427842159     
  -2.3199999999999994       0.29368479954516691     
  -2.2799999999999994       0.22813232877440759     
  -2.2399999999999993       0.16776841073117288     
  -2.1999999999999993       0.11214945480249527     
  -2.1599999999999993        6.0875584816714179E-002
  -2.1199999999999992        1.3586055179960282E-002
  -2.0799999999999992       -3.0044811925549260E-002
  -2.0399999999999991       -7.0311230484949569E-002
  -1.9999999999999991      -0.10747915008482464     
  -1.9599999999999991      -0.14178909836432563     
  -1.9199999999999990      -0.17345870807758909     
  -1.8799999999999990      -0.20268496519861562     
  -1.8399999999999990      -0.22964621000124261     
  -1.7999999999999989      -0.25450391912316106     
  -1.7599999999999989      -0.27740429319683396     
  -1.7199999999999989      -0.29847967163511380     
  -1.6799999999999988      -0.31784979353791609     
  -1.6399999999999988      -0.33562292138891198     
  -1.5999999999999988      -0.35189684219499689     
  -1.5599999999999987      -0.36675975894917495     
  -1.5199999999999987      -0.38029108373731724     
  -1.4799999999999986      -0.39256214243309079     
  -1.4399999999999986      -0.40363679970894295     
  -1.3999999999999986      -0.41357201201322069     
  -1.3599999999999985      -0.42241831520584283     
  -1.3199999999999985      -0.43022025269126868     
  -1.2799999999999985      -0.43701674912363264     
  -1.2399999999999984      -0.44284143407234067     
  -1.1999999999999984      -0.44772291941608999     
  -1.1599999999999984      -0.45168503366934060     
  -1.1199999999999983      -0.45474701592892391     
  -1.0799999999999983      -0.45692367165178405     
  -1.0399999999999983      -0.45822549203057461     
 -0.99999999999999822      -0.45865873831533899     
 -0.95999999999999819      -0.45822549203059304     
 -0.91999999999999815      -0.45692367165196929     
 -0.87999999999999812      -0.45474701592957506     
 -0.83999999999999808      -0.45168503367091217     
 -0.79999999999999805      -0.44772291941919878     
 -0.75999999999999801      -0.44284143407777449     
 -0.71999999999999797      -0.43701674913236105     
 -0.67999999999999794      -0.43022025270445496     
 -0.63999999999999790      -0.42241831522485690     
 -0.59999999999999787      -0.41357201203965233     
 -0.55999999999999783      -0.40363679974461425     
 -0.51999999999999780      -0.39256214248006710     
 -0.47999999999999782      -0.38029108379791465     
 -0.43999999999999784      -0.36675975902596286     
 -0.39999999999999786      -0.35189684229079288     
 -0.35999999999999788      -0.33562292150676604     
 -0.31999999999999790      -0.31784979368108018     
 -0.27999999999999792      -0.29847967180699175     
 -0.23999999999999791      -0.27740429340090517     
 -0.19999999999999790      -0.25450391936287020     
 -0.15999999999999789      -0.22964621027984500     
 -0.11999999999999789      -0.20268496551896570     
  -7.9999999999997878E-002 -0.17345870844185640     
  -3.9999999999997878E-002 -0.14178909877361812     
   2.1233015345956119E-015 -0.10747915053869503     
   4.0000000000002124E-002  -7.0311230980753980E-002
   8.0000000000002125E-002  -3.0044812457620106E-002
  0.12000000000000213        1.3586054621374383E-002
  0.16000000000000214        6.0875584246800112E-002
  0.20000000000000215       0.11214945424359121     
  0.24000000000000216       0.16776841021493805     
  0.28000000000000214       0.22813232834455721     
  0.32000000000000212       0.29368479926090951     
  0.36000000000000210       0.36491830421876881     
  0.40000000000000208       0.44238006529539048     
  0.44000000000000206       0.52667866335570712     
  0.48000000000000204       0.61849153147705704     
  0.52000000000000202       0.71857344764752429     
  0.56000000000000205       0.82776616922471091     
  0.60000000000000209       0.94700937328794332     
  0.64000000000000212        1.0773530921347407     
  0.68000000000000216        1.2199718623473976     
  0.72000000000000219        1.3761808397766802     
  0.76000000000000223        1.5474541722681849     
  0.80000000000000226        1.7354459679492256     
  0.84000000000000230        1.9420142505286022     
  0.88000000000000234        2.1692483556710958     
  0.92000000000000237        2.4195002956687182     
  0.96000000000000241        2.6954207052064323     
   1.0000000000000024        3.0000000812202972     
