  -3.0000000000000000        3.0000000000000000     
  -2.6000000000000001       0.95220480000000052     
  -2.2000000000000002       0.11577239785745108     
  -1.8000000000000003      -0.25203379076534010     
  -1.4000000000000004      -0.41163565821398623     
  -1.0000000000000004      -0.45687224675365123     
 -0.60000000000000042      -0.41163767078194480     
 -0.20000000000000040      -0.25205799191859896     
  0.19999999999999962       0.11569811266295038     
  0.59999999999999964       0.95256476125873391     
  0.99999999999999967        3.0075751283593819     
