  -3.0000000000000000        3.0000000000000000     
  -2.9199999999999999        2.4195031036177066     
  -2.8399999999999999        1.9420186607777810     
  -2.7599999999999998        1.5474593692207217     
  -2.6799999999999997        1.2199773398059406     
  -2.5999999999999996       0.94701482689002869     
  -2.5199999999999996       0.71857870352117337     
  -2.4399999999999995       0.52668363093664505     
  -2.3599999999999994       0.36492294518000223     
  -2.2799999999999994       0.22813663626018046     
  -2.1999999999999993       0.11215344139133947     
  -2.1199999999999992        1.3589743519889147E-002
  -2.0399999999999991       -7.0307812906711800E-002
  -1.9599999999999991      -0.14178592247278840     
  -1.8799999999999990      -0.20268200225298658     
  -1.7999999999999989      -0.25450114178056482     
  -1.7199999999999989      -0.29847705446796585     
  -1.6399999999999988      -0.33562044106116695     
  -1.5599999999999987      -0.36675739418534703     
  -1.4799999999999986      -0.39255987386636831     
  -1.3999999999999986      -0.41356982196736275     
  -1.3199999999999985      -0.43021812493002543     
  -1.2399999999999984      -0.44283935353635140     
  -1.1599999999999984      -0.45168298621146047     
  -1.0799999999999983      -0.45692164377598293     
 -0.99999999999999833      -0.45865671692064780     
 -0.91999999999999837      -0.45692164378072830     
 -0.83999999999999841      -0.45168298625936887     
 -0.75999999999999845      -0.44283935370663169     
 -0.67999999999999849      -0.43021812534718701     
 -0.59999999999999853      -0.41356982280730581     
 -0.51999999999999857      -0.39255987536300602     
 -0.43999999999999856      -0.36675739663591239     
 -0.35999999999999854      -0.33562044482706632     
 -0.27999999999999853      -0.29847705996597951     
 -0.19999999999999851      -0.25450114945594460     
 -0.11999999999999851      -0.20268201252092016     
  -3.9999999999998509E-002 -0.14178593560683020     
   4.0000000000001493E-002  -7.0307828840650122E-002
  0.12000000000000149        1.3589725528868432E-002
  0.20000000000000151       0.11215342331879721     
  0.28000000000000153       0.22813662221392450     
  0.36000000000000154       0.36492294283319826     
  0.44000000000000156       0.52668365378560578     
  0.52000000000000157       0.71857877441234841     
  0.60000000000000153       0.94701498349431945     
  0.68000000000000149        1.2199776430742346     
  0.76000000000000145        1.5474599163967850     
  0.84000000000000141        1.9420196053719692     
  0.92000000000000137        2.4195046860088714     
   1.0000000000000013        3.0000025942668267     
